25

9 7
6 8 3 9 8 7 7

8 10
3 2 8 7 4 4 4 3 3 1

7 9
6 1 1 1 6 4 4 4 2

7 9
4 5 1 7 1 2 7 7 7

7 9
5 5 7 3 4 7 6 5 5

99 93
80 71 27 97 19 93 72 70 32 80 79 86 3 83 60 36 6 27 40 2 63 51 44 62 46 89 64 24 72 13 56 76 59 98 56 63 24 86 71 44 10 78 60 36 36 13 39 40 13 12 38 22 48 53 17 98 25 86 35 86 45 34 93 52 57 68 96 81 42 36 74 35 86 24 27 32 62 79 92 24 46 42 72 55 95 95 24 92 91 46 72 62 10

94 91
30 30 69 92 13 41 52 73 78 8 32 20 51 27 91 70 10 50 37 88 52 34 57 32 36 82 12 71 18 74 36 47 55 26 55 23 23 18 73 64 22 60 35 56 15 58 65 13 27 11 39 12 25 58 5 56 15 52 4 22 10 37 40 12 21 4 19 40 23 42 23 5 33 33 4 36 2 10 22 26 12 31 7 9 16 22 21 5 9 18 13

93 97
8 86 62 24 54 27 28 61 4 1 63 2 3 87 47 57 29 41 13 44 20 78 70 18 44 35 72 69 46 37 9 56 56 54 53 31 41 32 3 47 2 23 44 1 4 39 29 34 18 41 31 23 38 47 13 9 3 34 35 7 1 23 38 38 1 24 20 15 2 1 27 29 10 15 5 21 4 7 15 10 12 19 14 12 2 4 14 3 9 4 7 9 4 7 4 2 3

96 98
66 93 5 63 9 89 36 22 50 28 49 41 40 42 32 33 87 66 15 44 74 67 36 71 90 93 93 90 32 52 36 33 65 65 71 48 1 76 56 35 18 49 73 54 27 59 3 46 69 69 61 26 40 29 30 49 54 40 54 59 9 22 19 4 35 33 52 18 9 19 7 2 42 19 13 20 15 10 37 5 38 32 31 25 1 18 16 1 16 18 17 19 26 8 11 7 17 8

90 97
75 71 19 61 45 57 7 81 37 56 16 74 58 41 36 59 35 49 59 55 13 25 84 50 60 47 83 47 30 9 65 76 74 87 62 85 55 64 76 25 45 5 18 76 34 62 68 74 8 52 75 46 16 3 35 28 77 29 86 11 23 35 23 72 12 47 47 63 48 73 26 45 23 56 3 66 80 88 35 87 30 85 85 82 42 73 41 72 20 10 28 49 52 73 72 19 38

95 95
25 44 11 32 62 40 18 79 34 50 21 75 41 82 20 3 15 87 39 5 19 25 92 61 45 63 7 37 72 49 46 4 57 18 86 28 30 21 14 42 14 23 19 80 15 94 37 10 67 71 15 25 37 77 31 31 35 75 69 44 75 80 37 58 3 40 73 5 60 15 44 86 54 26 50 83 6 56 74 78 32 29 65 74 46 72 57 38 39 31 34 9 38 37 43

91 98
89 85 5 36 1 15 36 33 51 31 89 57 87 85 6 30 52 23 40 53 26 30 38 77 68 2 47 26 1 68 69 9 56 14 64 61 1 23 15 45 11 9 22 32 55 17 1 27 33 18 41 40 2 24 18 30 5 24 37 12 4 4 25 9 35 8 12 31 1 6 18 6 17 26 11 15 18 3 11 11 8 18 15 13 1 9 13 5 1 8 5 5 4 4 5 3 3 1

97 91
94 46 91 85 3 67 21 43 92 26 90 18 56 84 14 56 94 75 38 93 86 65 20 71 46 88 83 42 92 44 69 47 80 72 51 91 65 54 19 19 18 7 11 49 2 72 25 69 58 88 10 41 97 18 18 31 51 93 48 84 43 74 8 74 81 84 53 82 5 5 69 56 16 53 39 74 68 21 20 59 8 68 27 45 22 21 10 52 30 19 44

94 99
31 78 7 34 83 63 46 36 51 68 64 80 1 30 88 58 27 67 38 73 17 13 9 87 35 39 10 41 12 9 21 21 58 19 40 63 68 1 9 59 45 44 36 35 44 60 7 56 73 56 78 62 59 40 55 89 86 60 29 23 45 2 9 36 51 83 55 56 53 81 60 28 85 5 54 71 67 90 88 17 61 16 63 92 2 39 73 11 3 50 92 74 77 72 80 94 94 92 91

92 91
37 11 58 10 58 32 65 33 84 29 65 25 28 9 59 34 74 28 9 73 36 90 91 15 24 72 48 47 85 47 45 4 4 75 54 29 46 29 75 75 38 52 20 1 61 3 27 8 9 44 33 59 55 49 46 20 13 27 5 20 13 23 37 30 28 30 24 46 40 41 43 25 10 11 2 28 25 17 15 12 29 6 16 14 19 2 17 13 1 18 15

1000 1000
268 715 34 976 102 313 70 472 774 685 612 98 666 336 973 676 145 278 882 932 923 915 634 434 463 441 898 218 230 738 24 698 280 872 341 185 525 611 383 946 941 516 395 233 254 841 130 413 120 996 613 194 846 833 665 948 778 815 564 183 703 794 677 598 308 419 772 267 62 249 922 725 643 245 113 905 989 151 99 581 783 129 456 130 682 434 16 348 335 478 548 358 255 769 477 461 943 393 68 601 6 324 24 761 983 588 399 691 631 520 568 221 319 343 587 732 517 16 571 984 862 869 353 662 189 42 236 347 22 546 301 305 500 56 308 301 195 71 562 676 187 391 477 832 256 320 851 181 611 503 556 796 518 76 861 586 923 119 848 537 513 457 970 610 714 822 456 100 580 298 352 740 257 404 246 840 278 583 302 290 289 398 818 323 258 499 190 186 838 397 880 456 976 403 302 427 683 794 560 194 218 300 159 277 866 59 321 359 512 587 834 810 918 319 204 130 810 676 801 533 497 588 799 134 156 910 968 536 425 746 209 132 291 482 19 373 230 167 946 542 622 626 823 339 175 145 813 881 89 531 111 780 877 993 245 169 420 744 982 956 267 34 72 560 228 67 347 279 443 329 185 686 28 960 509 407 352 638 615 146 334 465 507 745 726 561 450 928 646 607 838 665 786 780 404 376 333 308 253 172 441 774 357 426 633 943 514 656 302 346 851 130 555 318 607 753 426 183 707 338 419 325 708 904 774 360 50 754 142 584 136 129 261 966 39 711 859 89 81 721 749 615 975 264 257 900 244 70 770 860 406 396 456 410 550 39 43 298 821 432 34 247 358 125 783 772 755 640 410 345 3 903 478 847 504 987 674 920 944 996 974 962 95 656 472 887 702 400 525 191 575 971 967 490 997 344 401 510 600 160 266 315 417 927 512 856 857 725 984 587 852 382 42 594 270 713 721 734 656 371 847 25 631 695 266 428 505 462 703 838 73 867 291 692 286 675 606 567 784 420 635 103 886 458 683 275 312 367 398 479 799 449 735 458 811 837 18 267 666 954 584 65 598 820 732 200 738 97 712 393 391 809 835 817 533 713 891 585 378 903 17 62 415 610 677 903 731 181 624 602 576 539 921 902 235 577 459 338 947 784 451 180 349 72 998 235 176 560 416 347 923 387 956 950 509 730 63 849 714 665 692 993 802 198 322 760 818 615 619 895 419 281 917 731 821 506 179 902 265 196 79 794 73 361 744 616 139 569 698 386 720 25 882 926 629 52 140 683 888 929 66 926 184 90 982 466 543 241 56 597 799 779 783 752 188 714 372 859 733 499 774 586 183 665 343 228 247 7 445 344 338 22 806 968 37 207 489 208 215 52 900 923 928 420 784 786 146 343 5 524 646 476 243 878 554 655 170 812 510 562 21 943 435 681 454 993 427 17 791 695 425 709 629 80 986 686 553 949 516 943 33 816 639 992 525 417 435 957 752 282 583 910 970 926 84 154 802 414 51 992 189 27 380 527 333 372 262 653 647 347 567 12 459 541 217 512 224 654 361 399 643 722 654 781 578 996 249 161 811 402 419 1000 495 762 768 209 780 536 577 893 534 502 367 555 973 408 507 789 825 916 494 640 56 418 787 785 964 952 362 485 333 254 405 139 96 158 598 461 867 930 238 859 373 220 935 427 613 989 927 301 266 629 184 428 523 165 187 616 708 455 393 757 737 982 461 423 489 872 530 551 104 486 102 248 22 39 851 731 391 889 334 402 684 198 223 976 653 6 453 185 557 204 177 157 520 232 372 310 467 137 119 482 701 829 8 177 776 592 10 854 380 714 795 796 598 948 636 683 984 130 577 274 145 394 398 268 657 444 977 921 527 609 841 707 124 929 137 535 283 251 38 585 311 790 846 276 331 58 460 67 359 308 180 19 622 570 108 364 679 189 215 682 681 34 49 387 362 934 738 916 391 45 587 961 415 332 964 954 190 836 386 536 868 701 679 822 720 64 221 510 496 719 809 455 248 980 345 701 374 726 668 134 932 601 152 12 885 455 647 955 949 965 868 880 617 378 286 348 170 587 823 173 425 25 912 650 991 291 693 264 145 814 917 295 582 435 567 742 711 56 976 657 896 350 758 481 156 85 289 351 799 405 896 914 569 248 259 959 262 492 328 870 725 478 541 157 950 524 948 844 941 504 871 693 98 578 409 90 563 658 298 129 51 636 10 222 434 201 487 154 577 163 34 459 315 697 319 465 483 558 393 145 437 678 544 351 462 239 22 277

974 988
893 922 913 324 324 371 635 73 212 541 7 893 447 199 704 862 370 294 308 72 927 383 289 431 725 929 2 840 594 474 329 28 679 529 41 865 388 250 687 819 372 902 666 9 717 389 834 310 325 249 590 73 502 933 817 812 180 901 533 475 951 394 241 514 29 953 495 55 775 410 65 807 125 269 391 589 14 244 649 415 59 522 770 471 599 698 857 4 551 627 212 96 245 3 429 809 859 877 622 781 524 796 901 564 906 391 90 414 733 532 583 357 394 336 180 605 95 851 178 948 743 133 404 952 839 538 471 891 346 351 922 647 219 293 784 278 809 900 617 916 128 446 482 820 58 788 921 487 327 221 108 203 357 287 760 402 662 195 66 590 529 443 132 170 135 43 544 139 461 929 207 895 9 867 670 384 257 212 628 182 973 77 809 52 219 44 526 704 268 309 168 322 967 277 641 795 5 58 647 38 246 844 816 592 663 89 54 521 357 190 540 650 912 630 803 652 156 570 391 698 391 234 654 738 397 676 875 468 257 682 866 375 910 839 492 526 681 669 259 583 519 771 289 787 95 523 464 136 889 805 688 678 205 107 139 234 628 910 963 658 932 863 111 108 87 387 128 310 819 325 114 571 525 156 462 737 569 520 146 606 370 166 369 830 198 910 830 18 584 819 91 616 543 918 381 173 421 88 521 478 61 705 515 320 714 855 202 950 317 878 12 698 399 940 852 955 802 392 701 870 653 133 696 204 927 818 968 30 750 780 329 853 777 307 729 587 825 469 365 538 377 687 226 244 627 157 100 589 27 602 49 666 721 50 754 454 823 168 330 712 939 648 771 805 171 952 721 739 355 53 284 166 196 445 304 944 307 738 291 151 829 486 788 867 458 905 325 769 81 17 608 207 776 774 109 501 34 63 765 443 416 769 205 959 66 802 413 415 329 894 805 492 403 99 448 226 352 215 463 97 218 14 159 332 290 523 321 339 433 279 657 930 400 545 88 862 547 515 462 186 848 852 393 56 612 529 584 143 598 93 343 213 405 361 417 187 194 497 888 620 717 51 6 622 771 289 731 742 801 537 906 619 954 401 339 685 159 82 477 589 110 334 378 543 635 714 869 793 46 182 561 336 599 535 378 19 291 178 453 483 234 550 77 910 760 291 772 940 701 232 665 340 89 433 472 362 121 742 883 818 782 147 727 138 376 856 966 551 317 550 150 961 44 199 98 518 878 339 429 546 367 4 775 709 383 915 429 726 817 762 499 806 937 264 160 481 573 703 657 224 349 762 474 220 933 348 886 787 305 37 476 241 655 763 953 890 450 486 765 494 848 704 160 7 279 498 397 624 640 924 5 601 243 275 179 180 837 429 497 809 577 293 87 580 807 903 134 568 953 160 809 849 246 506 546 883 569 334 442 266 821 597 425 14 725 865 258 532 387 189 149 684 211 427 190 45 253 872 754 641 693 564 904 201 825 782 324 18 742 933 379 8 229 61 228 354 453 774 348 443 736 734 6 885 45 389 670 159 81 347 898 649 188 524 48 316 472 143 173 943 214 772 357 595 233 790 158 124 144 22 70 190 903 791 470 708 337 128 483 705 563 580 558 555 42 456 974 87 825 323 482 839 277 182 328 749 647 369 127 359 290 285 466 969 23 572 737 157 121 265 484 817 528 804 715 831 178 363 83 615 212 234 566 540 876 670 253 378 259 348 914 932 894 865 204 397 880 382 884 947 235 912 13 434 925 345 5 57 399 389 844 25 41 889 287 610 493 300 568 283 820 343 144 13 381 494 656 222 250 30 728 670 878 216 626 537 946 331 676 308 729 10 909 651 60 32 586 599 889 873 594 8 292 469 214 19 368 169 201 434 288 21 302 958 524 661 754 958 946 569 78 102 123 6 398 363 560 65 437 52 348 229 147 658 572 493 468 705 54 567 867 675 435 192 321 181 20 154 71 818 783 57 811 637 631 876 449 402 117 820 441 907 743 817 115 562 658 859 503 534 498 739 81 637 597 747 645 499 861 443 214 496 310 1 51 872 65 137 610 447 189 112 172 609 254 502 270 837 609 75 154 867 517 570 269 543 869 671 429 858 83 551 510 256 646 90 743 217 332 521 839 200 623 541 809 808 791 647 277 749 265 844 215 343 266 518 645 180 266 74 70 700 403 764 403 663 458 572 170 423 817 159 751 822 164 291 493 674 818 69 636 672 794 661 514 422 120 740 151 49 495 182 42 802 554 714 163 697

980 970
553 170 91 860 812 831 784 464 22 593 218 649 943 623 678 217 97 280 15 312 162 166 914 827 411 469 292 813 571 320 790 402 321 532 99 753 338 153 976 27 322 649 742 549 53 428 709 128 941 636 841 261 462 370 360 935 480 727 271 199 502 87 792 876 804 408 371 189 170 841 881 658 436 184 959 120 785 393 225 604 257 660 599 831 613 181 246 968 266 261 476 104 289 157 233 433 331 385 16 533 714 697 836 829 808 571 204 93 902 498 711 873 148 906 970 533 845 883 239 208 926 61 567 792 585 128 357 703 166 278 939 791 158 140 351 353 719 124 295 189 387 132 571 631 853 125 693 109 789 451 595 21 228 519 225 659 780 684 774 471 797 406 415 676 821 545 81 19 807 356 410 485 587 153 472 516 412 390 114 470 259 637 72 350 433 348 653 911 887 432 656 50 496 397 224 108 183 975 527 239 640 440 771 181 630 233 375 946 463 452 442 771 320 222 166 254 82 859 856 784 782 135 645 769 281 178 34 414 684 345 422 316 618 681 888 70 373 740 291 428 878 709 255 847 499 972 167 885 628 437 485 537 299 933 633 499 617 704 709 243 603 404 711 857 443 533 860 14 836 975 70 613 266 860 976 927 659 13 440 496 636 277 264 285 31 936 771 182 78 551 153 16 482 813 538 450 717 687 67 622 258 411 798 539 698 851 301 664 133 462 426 266 862 19 619 701 642 337 196 126 22 884 28 206 285 837 135 547 307 912 671 686 472 478 958 960 37 675 255 488 511 766 701 213 216 905 176 736 657 803 176 250 465 132 613 775 673 146 377 764 46 714 696 745 253 473 965 186 476 17 287 521 660 240 729 319 921 689 960 217 561 425 489 149 818 868 626 748 524 374 497 366 42 241 539 613 334 514 24 716 195 15 458 753 495 644 513 351 416 389 158 209 913 858 128 807 748 194 966 728 365 704 591 107 125 487 358 452 174 501 826 537 510 794 245 309 810 588 755 110 533 763 900 845 550 873 949 494 565 330 780 219 312 556 55 720 286 88 689 156 832 651 390 926 768 587 813 674 293 891 144 398 928 345 728 814 645 725 36 45 57 94 372 577 224 537 154 772 484 451 698 153 413 90 860 835 226 258 381 299 675 688 766 878 35 537 498 31 379 628 330 412 499 936 183 808 859 940 158 405 339 743 456 628 873 141 364 911 140 831 420 835 102 970 182 510 785 879 238 38 645 167 847 178 211 562 198 52 288 736 391 442 408 637 34 324 663 421 469 37 614 696 870 558 460 841 796 965 620 143 91 105 604 100 952 252 915 132 738 574 821 408 672 187 398 54 651 114 815 223 724 680 304 379 252 875 402 122 689 429 871 348 207 419 835 843 562 835 402 579 21 888 849 671 568 901 90 454 455 919 217 833 429 421 644 773 411 86 455 637 576 572 179 833 50 111 307 409 678 713 140 388 209 854 170 82 228 321 266 595 369 605 478 653 338 355 508 344 624 810 580 192 578 424 213 19 714 838 286 511 808 676 530 193 262 290 551 856 836 612 665 219 126 110 779 853 833 556 405 642 601 558 201 319 734 40 820 287 809 576 75 660 28 778 249 23 820 68 613 829 299 749 40 416 570 118 146 255 355 261 709 484 497 460 515 212 546 552 651 673 59 130 779 88 166 15 135 395 21 136 562 267 288 663 301 491 284 752 89 646 573 708 250 512 602 784 664 561 94 505 234 498 296 525 550 424 551 152 230 762 314 284 61 271 735 715 465 296 725 21 155 143 725 293 182 538 195 88 107 469 677 649 565 201 652 263 612 558 408 718 552 140 473 525 118 655 168 210 541 204 27 461 572 257 117 434 140 374 15 223 326 534 34 468 675 292 2 302 388 697 218 52 439 231 644 498 362 572 397 563 564 178 52 551 123 130 153 21 160 492 318 309 209 645 633 683 262 424 649 249 146 242 460 219 190 268 305 90 325 157 314 86 68 350 573 408 232 379 282 562 395 392 557 291 89 26 458 319 252 91 337 390 462 607 613 252 540 37 640 213 403 68 356 266 206 248 164 300 222 214 494 372 521 350 44 519 231 80 263 373 436 476 33 43 493 213 199 118 364 258 188 607 305 356 23 394 72 158 521 234 139 223 583 171 392 518 340 160 257 135 175 156 306 564 76 495 29 543 457 159 334 108 79 465 59 87 323 501 112 563

996 998
124 687 68 665 287 757 254 338 883 647 643 259 192 818 341 87 722 540 492 455 523 736 468 73 102 869 540 628 963 362 498 612 576 975 838 534 740 327 517 223 5 866 163 945 804 778 446 256 32 554 796 96 822 684 765 670 615 20 484 915 801 719 334 312 136 95 954 322 391 809 657 629 956 59 901 762 915 349 585 934 652 383 352 111 900 867 41 658 201 962 701 356 317 964 775 899 468 38 42 427 843 418 142 817 589 440 505 356 62 548 771 468 689 800 19 957 796 471 167 854 643 131 207 167 922 790 480 596 954 814 432 924 672 767 991 900 400 774 347 980 374 875 27 197 850 414 403 205 675 237 927 989 442 438 217 896 240 389 874 194 823 388 586 977 754 542 288 390 222 908 866 526 468 439 823 211 526 358 290 213 690 7 503 928 75 421 342 508 145 973 980 673 574 624 148 287 271 72 795 294 333 819 257 622 57 52 674 621 576 737 513 500 135 688 466 392 52 746 96 351 102 877 791 877 465 720 839 720 323 927 259 449 743 646 87 81 220 126 255 949 441 570 683 847 481 471 899 267 982 185 731 598 237 677 812 818 376 161 187 646 148 762 48 794 647 426 563 775 335 474 528 656 362 243 560 55 552 768 630 748 86 411 526 952 473 951 147 236 431 10 229 892 603 52 682 246 3 388 50 35 447 691 273 305 623 803 446 228 388 865 990 929 553 755 665 593 386 912 471 154 805 164 645 450 515 178 354 528 142 569 388 657 114 339 924 370 63 444 190 363 259 31 210 112 107 436 249 276 78 136 386 564 147 569 23 240 912 699 870 715 569 313 392 413 658 629 663 107 83 548 52 862 369 832 700 621 849 904 918 667 70 293 44 381 906 331 752 419 819 36 705 610 212 506 96 867 162 663 175 182 64 900 647 436 102 90 443 139 512 635 323 68 888 704 489 615 369 736 494 708 244 434 326 783 749 638 284 731 281 385 744 135 407 445 287 658 634 3 178 104 456 366 325 745 357 462 737 355 533 188 699 694 22 360 694 251 197 181 601 473 201 635 476 386 319 315 680 413 165 559 576 814 390 126 822 402 343 670 111 104 387 301 336 545 480 577 182 175 659 79 585 104 276 328 780 274 350 601 594 639 573 420 673 635 147 559 339 418 262 77 587 558 276 630 228 174 222 460 545 60 369 155 481 222 42 304 606 642 138 649 51 462 289 739 395 261 174 256 55 563 117 350 86 160 468 145 204 523 15 672 675 407 396 329 314 728 523 298 742 197 359 606 220 141 93 668 597 514 371 134 185 427 583 700 380 173 189 153 161 531 72 79 537 159 459 438 298 112 359 614 180 246 251 420 666 98 139 623 246 81 461 369 181 43 678 391 243 214 480 52 512 191 139 123 449 596 12 218 191 263 247 222 119 406 132 138 638 503 574 359 59 182 112 522 502 396 56 579 149 184 319 147 424 119 520 369 508 606 188 236 351 341 251 289 335 239 357 153 180 530 251 159 364 596 616 359 361 82 98 611 185 292 220 556 518 625 170 301 96 557 215 117 177 471 341 283 345 99 193 373 140 331 602 59 16 135 284 348 511 597 3 454 285 166 65 51 80 429 322 366 85 276 330 490 18 308 195 558 357 313 202 44 402 282 552 225 132 212 35 99 549 127 481 261 271 396 103 217 85 508 360 305 355 468 197 314 173 406 402 146 511 495 376 168 228 153 120 347 31 140 302 76 28 97 149 416 404 33 246 205 486 422 234 426 249 334 6 165 306 384 363 375 48 498 379 362 256 363 231 31 451 213 364 269 476 499 47 55 58 138 149 497 246 414 281 411 272 279 231 328 268 409 54 326 25 14 74 187 327 38 375 396 297 197 31 439 382 429 87 210 306 121 456 67 239 265 457 385 329 167 348 102 405 48 446 336 69 270 108 107 164 329 224 142 347 357 339 188 52 123 2 356 299 231 114 225 95 235 344 29 402 137 373 202 176 425 64 195 31 7 208 90 118 391 330 273 219 45 375 153 192 249 148 337 212 247 321 341 243 282 231 29 287 130 263 57 126 378 280 331 282 176 261 387 198 58 380 89 323 265 334 293 6 145 320 42 313 127 181 282 297 121 210 228 192 297 283 270 201 133 252 239 287 322 356 291 275 60 61 10 200 261 206 115 100 153 191 176 125 118 160 321 326 71 310 171 173 98 272 315 122 236 326 6 194 292 137 303 23 56 24 109 16 164 23 213 151 78 18 293 243 292 237 249 154 135 107 120

994 984
641 137 34 525 846 296 724 123 315 18 329 782 395 499 701 443 647 153 326 915 14 121 452 553 963 758 483 643 526 176 276 870 662 707 42 821 844 314 210 765 256 175 567 372 597 829 936 289 818 798 201 339 406 567 184 210 732 586 626 751 795 784 711 609 725 633 333 256 77 904 747 341 741 784 25 417 444 53 774 148 639 554 962 693 483 596 377 804 707 786 422 295 623 803 621 245 520 892 19 402 413 816 352 203 355 391 353 955 462 994 907 749 281 788 627 186 956 733 736 279 274 431 904 905 648 519 620 453 975 419 967 248 184 583 810 854 728 641 452 950 768 897 272 626 739 293 129 127 714 954 867 280 607 773 394 915 841 866 330 471 341 680 167 198 410 715 341 763 800 493 83 572 256 265 100 375 694 655 682 781 254 207 56 201 438 226 234 775 66 117 235 565 534 476 563 826 640 791 470 981 871 402 142 701 562 732 801 275 527 280 607 600 450 799 724 258 112 519 252 659 156 98 266 254 513 642 491 726 799 514 841 415 827 814 10 74 53 982 732 295 15 326 450 226 552 221 215 213 363 952 481 153 164 705 36 709 729 575 134 175 460 164 198 564 991 313 741 306 184 282 175 64 264 698 185 739 176 255 443 500 395 943 644 45 730 558 319 575 721 812 387 572 875 125 133 728 211 536 805 403 473 700 993 604 393 418 636 447 783 720 460 381 714 27 838 708 656 562 278 974 446 484 24 204 377 78 88 587 298 973 540 187 648 967 601 449 867 291 946 123 113 914 396 535 849 567 15 291 323 186 627 402 203 939 797 348 441 919 940 184 602 156 967 10 405 922 547 455 974 507 183 229 368 113 636 153 64 38 123 503 752 600 666 68 275 305 753 598 19 840 246 474 790 338 574 503 655 214 941 279 949 404 948 605 862 261 475 47 82 320 109 699 827 151 687 817 136 737 327 329 346 37 962 422 534 71 556 719 557 15 922 97 836 565 821 965 429 321 136 824 62 71 514 499 159 194 1 191 856 701 384 287 299 34 794 919 514 938 63 570 342 590 570 88 566 175 674 413 641 413 365 267 7 741 186 509 12 55 840 90 955 991 945 139 690 882 136 435 919 439 453 961 76 287 943 653 43 54 40 974 415 932 575 88 666 227 78 715 208 562 186 449 880 422 10 337 795 103 764 912 91 511 134 352 541 458 719 146 125 113 446 466 131 687 272 946 113 656 531 417 312 694 408 231 74 612 356 374 988 938 3 490 403 267 841 331 731 121 133 475 813 704 439 163 492 181 871 263 118 670 241 862 321 937 898 370 3 195 632 878 377 869 501 188 485 393 979 668 744 863 316 433 224 47 175 901 513 35 481 846 787 580 83 6 866 139 688 20 150 222 401 498 914 141 226 319 124 567 20 119 575 803 485 419 279 496 185 580 616 882 29 364 359 637 174 717 678 24 134 699 80 302 271 104 210 982 682 929 435 865 107 55 914 761 480 477 229 81 424 359 205 362 108 28 827 496 915 77 17 122 254 636 228 467 804 552 822 435 34 696 105 934 614 234 11 899 747 660 663 631 442 416 993 173 901 858 323 132 380 445 692 675 738 75 678 945 408 122 697 272 40 235 239 811 43 933 749 66 402 378 503 234 835 534 390 733 311 930 824 770 399 379 607 669 133 95 85 278 833 456 784 105 49 24 257 139 920 57 209 187 963 265 2 737 4 392 54 294 448 497 502 555 114 280 505 181 5 563 611 352 899 799 593 935 880 29 307 610 261 691 834 405 189 910 249 773 547 234 594 106 272 628 27 207 552 613 659 685 550 186 222 196 146 231 130 418 84 698 781 272 15 695 154 852 561 863 834 837 897 839 96 655 637 752 891 500 600 189 592 405 84 625 770 11 112 248 443 878 859 136 762 392 352 336 807 632 708 414 513 152 548 149 193 196 269 444 454 819 361 552 295 774 733 275 283 745 602 627 66 775 413 779 498 420 158 662 668 248 80 372 507 133 22 451 253 530 475 776 683 276 240 321 127 639 822 52 173 727 404 644 791 639 696 592 478 712 474 233 61 60 493 284 433 643 797 48 300 482 31 175 46 57 473 502 208 204 615 414 710 86 476 49 660 232 420 739 495 457 713 629 114 227 121 264 383 478 629 751 161 169 170 447 347 631 438 760 623 593 351 203 579 735 305 72 392 184 422 555 567 568 742 638 627 565 225 512 739 161 440 176 446 57 704 33

1000 993
443 319 548 487 708 960 938 146 601 135 231 139 293 856 6 277 550 287 472 1000 405 758 77 422 418 446 354 37 624 633 676 865 307 657 332 898 391 251 149 170 828 361 923 532 340 879 148 838 438 533 118 528 322 594 635 129 177 262 450 707 893 843 642 2 424 141 948 159 426 24 240 345 127 599 3 113 37 944 289 64 312 246 846 366 292 802 92 541 192 170 115 645 271 175 145 511 136 681 762 146 892 189 512 968 946 750 697 928 92 942 930 90 468 951 821 193 962 571 212 939 71 466 788 262 50 717 72 261 610 442 636 979 930 211 259 530 699 798 683 261 94 731 533 421 493 57 563 952 337 448 13 516 794 119 689 365 53 615 552 936 823 748 86 198 580 773 274 577 561 774 998 760 16 316 895 305 835 962 561 778 621 717 279 266 257 339 761 552 399 201 430 891 271 117 788 399 103 526 966 335 19 566 886 166 71 74 48 30 188 801 626 489 729 59 473 520 483 966 190 503 848 144 760 517 533 726 510 592 359 543 568 698 819 412 385 669 283 456 650 63 854 169 57 456 981 266 915 241 309 715 864 572 912 86 193 558 173 67 702 520 771 2 209 307 373 924 954 658 649 412 332 320 413 88 947 493 387 356 766 241 475 991 527 480 579 326 303 321 865 884 970 90 359 940 928 74 787 45 158 20 548 382 116 114 456 153 387 742 984 462 458 365 146 866 474 565 387 786 359 391 921 704 112 165 364 429 870 572 313 478 684 410 404 810 916 103 411 877 956 477 29 909 338 177 908 405 169 873 414 920 772 180 39 496 141 494 24 799 913 768 218 61 836 636 25 690 452 337 983 105 616 322 300 756 111 498 832 847 945 867 634 846 472 145 815 657 634 675 77 975 24 572 841 722 497 138 474 251 873 385 308 975 372 839 67 122 210 580 482 434 599 579 931 409 227 759 918 910 761 643 337 459 625 616 668 960 476 309 38 972 318 227 258 887 731 30 903 946 278 97 583 321 582 226 246 961 748 738 762 35 792 160 662 422 706 624 361 569 595 292 241 621 818 384 623 590 866 437 100 949 731 915 620 186 631 856 812 853 422 227 574 125 90 933 2 257 304 901 629 525 220 284 320 285 524 627 152 417 429 178 908 151 411 74 920 901 171 198 80 798 303 572 711 197 214 835 429 594 793 431 239 63 519 438 308 324 430 560 207 815 554 427 425 415 674 511 287 414 761 915 647 839 566 771 687 895 680 729 736 94 840 29 606 621 546 631 143 67 727 732 523 633 762 20 256 317 387 67 967 808 175 694 379 920 174 728 741 899 994 411 699 921 737 858 467 235 574 204 990 892 14 723 48 805 357 519 321 799 842 125 615 362 282 647 960 882 558 761 92 962 323 369 289 197 458 951 166 728 547 786 654 183 103 210 255 443 298 381 761 816 34 590 679 566 558 548 367 201 653 941 977 422 204 356 480 705 809 165 907 633 930 928 544 993 952 533 86 731 240 55 951 741 886 365 828 985 901 472 832 96 411 847 913 157 168 566 665 943 319 640 238 828 455 238 413 74 775 18 591 187 5 745 464 448 592 746 611 977 387 320 592 378 68 41 917 424 886 8 697 588 326 866 912 978 813 837 229 566 707 245 645 552 119 801 360 31 299 124 178 56 555 597 873 365 306 236 287 378 378 831 974 318 112 106 527 87 874 851 530 809 425 378 340 601 380 284 779 769 878 135 399 198 618 448 311 804 720 188 268 566 522 34 354 788 215 233 921 934 931 371 328 418 673 984 79 604 553 216 218 627 429 725 931 238 728 91 979 837 997 797 190 857 879 966 23 943 698 697 488 731 946 433 65 75 24 516 504 897 704 843 810 799 49 20 950 930 362 298 609 107 657 624 428 737 763 590 391 870 79 226 464 790 752 273 892 50 41 15 236 671 232 29 122 799 466 961 120 625 465 274 833 655 255 636 644 831 671 882 915 635 232 394 337 166 405 501 47 980 625 38 722 163 690 583 54 864 208 970 612 509 865 334 168 439 290 420 528 902 578 927 88 453 671 706 236 598 823 71 584 338 751 947 260 299 445 860 869 462 509 86 161 410 855 177 646 159 10 436 32 783 18 690 722 533 643 63 85 184 805 481 338 80 485 652 746 123 789 554 491 866 317 906 269 768 275 517 106 340 854 467 231 258 512 782 845 846 311 389 136 162 131 270 469 531 150 882 149 134 170 145 154 816 875 432 700 869 816 792 651 556 429 336 332

999 996
443 936 623 49 402 347 49 982 965 40 805 216 357 363 9 746 298 393 991 16 896 310 791 432 741 300 470 926 910 563 118 364 617 86 997 581 500 466 352 350 973 489 821 655 62 609 530 450 354 305 600 123 510 966 106 887 672 862 832 641 628 758 858 472 525 67 250 312 899 948 151 304 684 359 982 70 499 187 195 566 556 39 486 308 706 809 960 245 399 143 238 855 323 270 755 728 931 744 303 482 674 819 5 415 49 755 393 791 958 580 996 29 524 769 157 477 224 637 237 112 769 483 746 199 164 450 749 33 380 895 531 295 806 170 528 197 223 378 779 722 739 563 707 705 620 97 927 813 31 77 121 897 850 492 297 227 760 130 559 908 30 913 297 843 781 996 925 105 667 348 555 708 265 212 500 208 824 613 976 60 177 130 391 247 931 470 922 477 384 640 246 387 756 134 585 985 513 783 144 758 230 781 523 550 456 349 39 224 487 193 524 594 573 590 912 973 486 301 239 928 332 113 546 533 903 848 397 894 925 660 933 91 316 466 661 374 137 522 384 695 6 201 798 608 146 630 926 39 156 406 228 848 235 556 6 637 634 436 550 784 669 784 430 720 709 794 207 675 955 805 164 500 464 247 274 447 25 926 467 422 290 617 614 712 121 805 314 346 634 741 582 293 256 217 570 171 313 848 998 84 464 964 603 906 955 403 817 61 576 405 249 74 841 720 593 527 774 722 377 872 359 874 850 139 433 955 352 18 112 243 972 427 773 500 937 875 611 567 629 685 134 568 449 216 543 165 304 398 143 920 758 126 240 263 543 755 997 864 701 491 225 526 556 860 959 404 226 818 22 42 369 490 926 219 227 941 193 321 270 604 802 32 39 550 420 905 57 924 966 435 112 502 206 562 260 210 554 926 276 957 692 585 449 343 925 923 969 984 450 29 746 83 293 591 810 66 220 953 775 238 263 122 166 22 851 31 311 645 109 799 584 790 791 795 427 391 859 454 144 308 811 75 277 676 231 934 759 125 238 502 866 906 554 47 189 678 537 354 900 773 708 778 588 930 929 919 185 425 280 383 20 182 706 69 73 440 742 138 913 56 810 618 761 91 948 156 364 738 466 228 95 803 966 789 179 932 268 440 786 110 840 103 958 499 769 778 897 280 57 700 107 813 676 643 58 750 171 934 847 515 222 357 102 619 878 689 497 551 301 499 467 479 727 533 82 150 489 257 837 639 227 23 549 648 767 158 736 399 722 948 235 943 554 831 467 976 570 510 776 873 744 711 822 677 359 358 836 420 574 879 460 520 399 897 842 708 583 316 787 756 317 142 778 950 456 447 315 466 408 358 102 925 6 261 5 956 43 480 646 75 908 525 790 82 174 101 448 957 884 849 651 605 900 680 623 515 380 719 256 453 800 919 221 505 595 286 252 539 159 330 381 693 945 872 484 750 604 492 137 202 506 137 537 698 115 834 524 448 217 931 585 18 169 464 166 738 801 598 708 697 944 453 758 831 548 753 722 294 300 22 812 335 68 455 464 994 976 884 65 185 503 167 231 258 880 579 963 368 139 388 928 387 151 449 338 909 288 545 952 550 797 362 840 16 180 498 697 636 806 968 213 359 469 363 577 685 477 362 993 521 625 194 969 22 773 881 777 253 226 810 887 367 898 224 357 800 675 276 664 432 667 392 200 837 58 337 755 616 807 42 632 85 306 191 869 261 55 290 777 580 180 297 226 933 320 331 513 138 223 65 850 444 505 985 104 248 945 605 969 398 982 924 10 501 39 961 122 712 240 543 195 949 843 446 219 921 154 531 534 396 266 55 300 365 328 972 4 254 842 969 513 788 519 301 392 390 208 595 894 26 315 708 406 171 121 863 69 654 419 552 921 345 465 723 438 46 879 351 770 851 74 256 678 406 702 379 459 214 658 428 124 629 293 490 720 690 497 265 663 716 261 619 816 740 675 169 795 956 795 794 212 378 420 195 564 109 378 297 744 861 858 889 153 47 776 912 491 389 506 795 790 723 89 507 698 328 577 769 896 777 299 175 2 759 531 307 886 827 859 911 396 170 813 900 261 510 522 941 355 31 358 107 783 650 475 366 647 837 8 531 94 620 270 169 571 403 672 481 631 65 50 988 922 661 827 7 418 239 219 536 994 821 499 694 773 267 453 987 986 39 960 97 641 227 363 717 505 691 755 743 583 974 363 191 967 321 433 337 60 965 964 448 684 673 479 831 230 638 207 226 633 662 71 308 244 323

981 995
482 521 71 272 330 955 674 8 311 384 218 976 720 532 603 688 937 447 371 670 496 825 596 237 526 573 555 46 57 215 459 358 583 557 640 13 758 326 978 509 50 528 715 243 703 700 547 913 623 574 751 294 974 952 479 74 405 354 61 217 520 255 420 315 515 785 905 773 709 728 327 334 794 730 145 306 251 670 577 550 970 158 790 168 579 921 506 152 911 298 183 862 800 386 158 237 583 970 217 49 426 434 423 481 546 118 404 225 498 21 437 947 526 599 726 884 886 595 806 968 927 290 106 151 794 774 213 742 39 667 259 197 833 52 104 79 500 698 143 378 272 64 439 802 583 769 257 496 676 609 941 719 538 711 833 582 567 231 302 367 599 655 762 344 898 546 741 66 690 562 891 312 728 203 761 579 19 21 679 173 86 479 650 215 2 846 903 76 936 969 775 810 806 962 484 836 237 771 65 553 527 703 495 561 275 851 121 698 329 644 631 177 212 297 754 629 89 383 407 629 863 809 501 423 941 57 633 477 226 101 13 650 978 478 907 890 474 923 806 277 334 267 497 777 378 820 613 263 757 680 907 332 284 590 178 7 196 596 249 933 194 175 124 815 110 628 537 395 299 971 720 226 353 409 81 174 115 911 352 624 550 256 357 825 974 376 477 909 745 888 895 252 894 829 93 551 90 909 472 406 737 967 556 926 886 495 807 128 88 538 662 900 898 628 765 517 718 410 753 261 582 642 884 959 747 764 946 609 817 838 196 87 216 933 140 139 383 481 808 800 620 465 485 404 319 212 140 28 272 156 179 846 666 68 233 371 347 385 37 187 766 917 474 584 558 425 834 867 113 185 607 37 711 198 511 108 516 371 29 520 685 476 167 720 310 973 887 529 773 315 47 154 122 549 813 244 662 414 928 658 605 968 25 352 539 373 553 340 552 440 489 507 443 444 18 806 901 352 581 765 196 882 713 402 739 978 651 902 189 721 2 940 840 937 858 33 444 717 160 186 774 948 212 437 911 862 346 423 430 512 112 95 968 241 973 238 145 386 262 78 612 261 608 661 90 879 821 487 211 961 41 167 579 811 642 965 428 596 959 297 813 706 751 934 537 187 471 219 318 492 906 774 115 942 28 156 183 418 280 481 146 826 247 427 327 851 303 27 833 316 231 479 832 382 8 778 924 776 201 596 666 366 905 281 607 754 416 871 249 711 113 68 351 888 90 202 218 768 888 395 656 66 361 334 509 435 221 624 532 222 286 26 31 164 682 714 127 656 460 311 502 8 781 612 145 669 604 601 221 746 568 226 354 232 834 786 582 229 833 587 9 832 555 450 192 671 22 189 160 543 840 737 47 540 311 285 154 255 703 356 758 244 213 558 461 343 670 411 820 43 224 179 662 333 684 176 593 79 754 479 75 406 786 78 254 143 559 518 215 521 368 665 336 186 190 477 227 456 249 46 351 410 85 217 76 160 693 603 534 716 451 441 262 81 717 242 158 55 311 676 79 640 282 370 490 515 43 31 403 88 769 615 135 494 355 721 574 586 389 500 202 571 81 449 174 599 612 527 286 523 550 154 288 122 114 507 681 164 215 587 695 147 342 643 83 245 139 444 558 571 6 264 237 212 197 470 556 518 332 327 706 124 254 11 186 262 574 497 563 462 680 124 363 612 224 211 294 117 8 397 14 549 154 345 687 558 21 181 191 286 642 323 343 251 666 84 302 543 230 168 525 70 148 654 215 508 60 296 11 339 184 222 48 356 464 329 136 510 183 450 481 224 197 69 416 340 285 399 350 116 140 410 176 217 356 164 188 199 158 371 76 286 468 301 583 605 431 399 157 631 110 95 236 377 225 461 14 159 417 107 241 433 349 80 152 535 535 106 223 150 335 573 378 457 571 8 176 451 39 297 380 376 89 315 144 216 97 94 112 71 136 547 72 96 270 276 482 404 240 228 235 176 482 325 347 482 369 239 552 124 530 480 177 480 8 527 128 334 196 65 372 342 453 375 168 57 537 259 76 418 507 33 297 366 280 466 75 268 213 502 476 518 2 11 52 372 499 331 282 196 415 121 287 528 122 398 493 326 302 348 81 406 299 40 437 215 128 67 167 455 109 258 315 184 424 481 429 321 502 448 83 139 341 460 7 268 345 19 181 217 235 103 98 457 365 322 3 316 265 239 337 45 217 2 476 400 27 357 360 454 18 399 115 137 261 122 426 37 227 336 132 30 254 337 143 77 304 315 85 422 208 34 292 229 430

987 996
342 14 15 223 584 366 86 610 855 820 138 199 491 528 593 356 725 199 291 503 601 347 46 518 309 623 837 625 238 9 31 166 744 520 51 181 275 323 60 3 596 463 770 40 464 698 480 363 729 699 242 669 360 586 819 132 811 641 890 887 665 188 88 303 920 258 85 561 753 926 250 693 63 152 260 956 268 933 119 540 25 607 51 260 979 775 110 670 504 247 278 250 709 682 436 873 501 167 215 910 861 866 617 901 336 101 350 516 100 305 951 327 23 16 802 525 811 470 701 87 99 785 320 852 385 42 945 866 882 637 348 553 524 501 777 352 713 277 901 549 773 370 402 557 46 13 688 50 744 532 743 871 58 7 879 204 501 139 836 573 849 26 128 750 947 342 947 572 349 751 948 433 19 595 751 814 468 722 86 456 879 330 17 965 73 433 702 589 678 894 277 959 652 77 644 841 202 58 596 291 140 601 321 895 320 58 940 127 22 336 558 165 362 633 978 939 653 281 581 815 77 961 467 732 185 606 340 493 504 158 834 17 132 585 475 640 58 751 671 602 451 127 659 439 230 910 914 623 622 304 625 193 314 672 498 511 812 956 773 199 249 170 814 458 371 562 949 955 591 25 53 347 777 589 174 388 554 216 245 820 137 220 334 318 528 945 589 947 421 88 358 489 212 512 148 639 6 58 181 828 731 649 26 672 454 28 401 475 427 815 893 512 443 814 47 808 942 461 39 584 875 733 209 210 384 386 379 593 558 967 837 918 258 79 221 72 516 444 953 763 343 331 608 92 728 910 834 818 646 864 716 545 958 92 20 626 102 727 699 676 944 39 219 636 813 21 498 654 291 82 259 695 634 649 344 761 235 93 379 587 553 500 957 277 779 809 452 654 441 784 764 818 105 197 772 335 324 181 928 700 750 81 140 853 173 457 359 641 359 576 98 30 802 81 156 444 548 725 340 697 822 533 89 622 141 114 528 316 340 50 136 43 726 443 859 612 670 891 181 839 624 470 565 89 755 152 524 496 887 834 493 147 160 192 50 424 553 329 568 706 71 112 695 519 398 520 547 343 840 403 30 496 632 655 465 112 320 14 589 343 280 785 652 449 732 261 709 384 778 366 812 706 129 188 794 12 576 181 777 405 9 592 655 582 262 211 541 563 792 315 749 591 799 533 180 13 700 508 300 676 775 237 478 432 199 758 438 615 91 165 778 330 651 284 584 328 656 461 536 11 762 571 209 729 524 141 472 714 637 71 16 377 677 222 414 240 512 402 188 418 491 443 672 527 687 136 731 415 227 496 672 10 602 594 150 44 758 344 360 675 198 175 293 617 551 372 479 233 10 320 101 216 713 427 443 218 635 158 92 725 408 154 456 419 210 651 369 183 300 581 5 277 140 552 129 548 30 608 94 482 623 580 608 666 334 92 494 682 710 444 56 195 271 494 241 247 289 306 86 217 146 560 639 138 395 213 563 210 216 446 516 418 103 372 234 204 672 528 303 146 563 567 297 343 487 35 610 37 627 640 539 463 424 37 572 483 370 653 139 393 480 551 295 217 196 342 521 332 462 337 204 608 527 506 640 195 19 142 349 497 610 532 278 461 150 33 90 271 417 158 46 3 575 494 321 265 557 205 308 139 393 586 513 327 164 614 421 254 611 179 260 513 288 68 13 603 92 269 585 179 449 63 596 342 358 92 431 144 444 46 52 579 53 42 51 129 286 220 111 528 58 525 467 10 86 219 213 124 253 493 224 466 103 17 369 117 493 88 323 62 528 256 16 502 522 519 22 250 308 212 179 388 367 88 492 526 420 122 413 462 179 250 82 233 227 119 142 127 60 357 6 527 40 93 306 398 382 288 289 17 404 470 430 434 231 143 390 84 295 93 318 239 160 346 106 15 137 267 435 494 453 427 113 440 276 409 427 352 329 327 414 488 432 430 285 80 456 168 119 106 431 272 75 436 424 25 317 221 453 14 124 83 64 103 86 48 398 142 313 371 438 146 4 43 22 104 418 158 437 97 328 39 221 210 93 146 376 191 147 80 262 137 345 340 264 360 383 306 163 358 13 369 203 358 426 359 206 36 192 362 143 259 176 237 89 82 176 178 411 280 351 194 9 233 279 24 145 402 191 125 393 267 317 344 371 315 196 371 199 171 352 197 178 313 381 300 23 296 60 220 188 303 93 225 227 91 257 74 202 171 234 252 266 146 164 94 71 79 232 51 271 43 345 36 97 174 78 214 259 65 338 252 172 114 239 192

975 984
920 636 448 569 656 830 352 488 898 639 158 303 713 456 217 671 13 677 464 518 402 736 857 695 121 616 750 592 924 924 815 139 70 478 581 8 122 381 822 523 327 661 739 554 436 237 877 372 802 233 948 340 22 129 855 705 434 772 228 637 52 722 865 624 216 525 579 750 706 525 101 843 53 391 645 267 418 208 422 651 61 484 455 525 463 591 878 40 153 8 387 815 47 256 118 493 158 695 409 856 246 285 896 390 784 255 320 663 951 700 171 747 926 826 593 920 955 517 803 517 450 60 63 573 613 599 805 772 959 339 609 519 653 631 278 648 553 801 307 4 698 872 145 739 318 59 360 688 84 147 611 815 962 943 930 831 386 58 17 354 227 35 332 136 931 971 790 205 856 134 108 876 340 538 327 370 721 283 332 753 830 720 877 694 110 154 532 639 366 417 650 644 810 303 87 192 795 425 396 788 139 717 96 650 536 252 811 294 687 469 138 589 232 700 609 857 897 157 570 377 144 877 223 110 373 525 422 329 606 82 888 458 106 953 831 112 68 436 89 710 49 47 768 273 600 255 179 925 752 487 604 695 553 872 828 222 388 339 699 73 276 19 171 30 633 226 250 25 576 460 378 193 690 122 530 847 931 756 855 753 617 354 929 229 28 857 646 186 438 128 167 570 182 570 945 386 771 702 842 97 136 133 77 125 141 654 201 629 309 841 260 131 184 411 404 236 530 84 600 293 294 523 944 507 613 930 164 53 102 176 940 532 656 554 236 650 567 934 43 173 549 528 898 38 465 553 73 299 221 583 726 350 766 598 153 819 734 420 771 796 842 9 315 173 952 167 630 933 365 175 334 861 748 19 461 232 802 716 677 145 769 814 684 216 285 658 611 22 523 327 185 21 18 452 4 875 199 313 676 516 764 944 464 867 941 722 466 853 358 402 747 555 218 249 411 545 398 110 813 757 763 573 895 849 649 369 858 651 968 440 813 524 176 190 886 454 430 69 450 368 933 146 964 412 842 588 296 478 738 161 513 786 81 159 804 102 516 206 580 419 833 695 39 5 471 338 756 220 164 553 475 637 624 466 137 18 295 331 117 492 947 403 154 504 531 881 586 592 262 547 746 683 882 757 816 857 415 362 592 780 506 782 413 39 132 150 607 239 406 340 455 679 412 724 757 623 742 69 748 80 77 525 452 664 843 898 706 812 154 312 20 322 326 288 358 412 404 608 355 387 677 609 233 518 813 153 508 167 153 465 605 731 55 647 373 427 252 51 512 818 113 773 492 97 641 683 634 32 768 711 319 392 3 822 450 66 392 461 174 93 822 710 477 354 55 767 270 601 543 289 34 798 782 133 691 685 545 104 75 588 149 51 207 418 767 600 537 303 291 161 271 55 411 748 619 660 505 247 168 536 694 735 478 55 138 327 67 535 451 320 465 733 370 782 177 412 101 254 62 588 131 767 216 218 726 430 620 576 159 709 297 299 214 536 243 381 700 379 769 527 612 283 763 442 58 269 468 90 161 165 508 478 561 594 236 393 374 516 225 151 140 311 457 702 444 192 572 198 218 437 543 345 412 547 414 3 141 664 320 183 268 263 523 148 61 41 494 279 160 180 463 183 608 560 298 464 463 319 81 558 236 680 238 534 218 193 658 251 206 551 461 234 335 356 396 295 262 571 178 531 288 251 226 379 452 668 40 160 224 56 39 274 299 323 280 170 230 560 68 250 610 554 17 364 379 474 296 274 595 304 260 530 519 388 479 195 59 619 56 163 523 472 312 399 447 469 602 640 342 295 33 64 271 424 162 450 301 514 528 303 539 500 543 538 366 352 621 548 76 13 33 342 106 481 524 279 299 547 73 222 87 99 437 513 237 346 29 395 420 587 57 73 306 595 49 7 463 101 58 286 308 508 118 343 323 155 307 195 251 317 96 330 108 503 180 276 194 189 436 273 7 441 173 39 109 480 99 275 488 313 494 294 248 81 494 97 200 541 32 537 284 418 139 268 420 143 245 325 506 429 374 397 493 103 68 113 17 173 279 523 412 180 100 500 118 474 343 334 434 160 305 201 219 310 186 480 92 10 349 261 41 241 390 491 279 246 402 332 244 416 377 494 456 416 487 300 107 218 461 255 485 406 410 465 269 338 170 411 245 444 286 179 46 132 473 199 134 250 22 389 462 280 116 112 176 369 10 367 436 233 308 325 92 447 350 28 281 64 85 409 342 396 397 325
