50

4 7
1 7
4 5

94 12
16 12
16 36

428685712 23000073
596516650 189641422
428685712 189641422

478160381 19632786
783368691 19632786
783368691 102520060

365180541 222688882
304089172 222688882
304089172 540383427

14660871 521595369
14660871 162170322
35005212 521595369

278722862 861021531
336465783 233665123
336465783 861021531

85295453 468703136
145174068 468703136
85295453 395870394

106596977 490175108
106596977 635723059
315634023 490175108

59961394 89018457
59961394 54145816
28561071 89018457

131176230 607790171
72427041 653377374
72427041 607790171

608413785 459797248
608413785 756898538
517747628 756898538

149798316 30146042
80978201 30146042
80978201 38664371

260655588 424268981
412776092 324972892
412776092 424268981

18258955 6499768
137806863 6499768
137806863 42999171

511702306 54496881
402370166 54496881
511702306 84420926

572660337 159126506
572660337 41356669
233090509 159126506

34341670 433925858
100661314 433925858
100661314 84353895

119259648 1100546
119259648 865691
939819583 865691

153313173 174323385
610515435 585990365
610515435 174323385

467946188 107813133
477171088 107813133
477171088 356426809

491705403 709393585
780695789 499715481
491705403 499715481

752392755 474612400
549214422 474612400
752392755 314870260

411549677 296223274
120848385 296223274
411549677 843993369

1 0
1 1
0 0

2 0
6 0
6 1

68 0
49 2
49 0

35060062 603570493
35060062 56690263
330573318 56690263

959997302 485560281
402724286 485560281
402724286 107649160

169274578 158487239
194953866 158487239
194953866 894429690

221558441 270744730
177724267 8639737
221558441 8639737

92977305 690387
114738098 690387
92977305 7905772

610120710 498777856
21583857 498777856
610120710 791698928

72075088 522532257
255179498 522532257
72075088 524872354

82950912 192099256
82950912 703964684
269455307 192099256

112805732 31061285
160051529 31061285
112805732 40332872

378409504 26773308
199620254 26773308
199620254 515530020

409959709 77486716
143347213 4297113
409959709 4297113

113403633 168002245
200747797 168002245
200747797 289700724

150122847 439493452
90155839 2269747
150122847 2269747

231192380 622597489
111537764 622597489
111537764 338888228

147469842 269441500
141527089 438792351
147469842 438792351

142757035 116087765
13628669 39237149
142757035 39237149

6321447 387346491
8936988 387346491
6321447 982275857

209098719 841148366
209098719 77985204
350322228 841148366

771151433 39636468
473165004 39636468
771151433 186452552

187594922 128448265
476153276 213975408
476153276 128448265

653468859 53539693
585567170 53539693
653468859 130794396

605908236 203599252
76065818 203599252
605908236 350573794

0 1
0 0
1 0
